 DERIVATIVE OF SQRT(X) VIA CENTRAL DIFFERENTIATION METHOD FOR DOUBLE PRECISION
 For x=1
 Taken analytical value: 1/(2*sqrt(1)) = 0.5 (Wolfram alpha)
 
 ************************************************************************
           h          1/(2*sqrt(1))     error   -log10(h)   log10(error)
 *************************************************************************
     0.999999968       0.517638089       3.53       0         0.55
     0.099999997       0.500156421       0.03       1        -1.50
     0.010000000       0.500001563       0.00       2        -3.51
     0.001000000       0.500000016       0.00       3        -5.51
     0.000100000       0.500000000       0.00       4        -7.50
     0.000010000       0.500000000       0.00       5        -8.95
     0.000001000       0.500000000       0.00       6        -7.49
     0.000000100       0.500000001       0.00       7        -6.91
     0.000000010       0.499999991       0.00       8        -5.73
     0.000000001       0.500000057       0.00       9        -4.94
     0.000000000       0.500000057       0.00      10        -4.94
     0.000000000       0.500000057       0.00      11        -4.94
     0.000000000       0.500044466       0.01      12        -2.05
     0.000000000       0.498490154       0.30      13        -0.52
     0.000000000       0.499600377       0.08      14        -1.10
     0.000000000       0.555111530      11.02      15         1.04
     0.000000000       0.000000000     100.00      16         2.00
     0.000000000       0.000000000     100.00      17         2.00
     0.000000000       0.000000000     100.00      18         2.00
     0.000000000       0.000000000     100.00      19         2.00
