 #*******************************************************************************************
 #N     h                       T-Rule.              S-Rule            G-Quad           Error_trap                  Error_simp         Error_gau
 #*******************************************************************************************
     10   0.2000        0.01299073448791905      0.01270914279233852      0.00648605447562524      3.88831897509806046      3.82571076473615657      2.44208891598006916
     20   0.1000        0.01297241975727108      0.01296631484705509      0.00648605447461307      3.88424693559147682      3.88288958908928317      2.44208891575502607
     30   0.0667        0.01297213655966874      0.01297157330836282      0.00648605447461307      3.88418397032886720      3.88405873880819064      2.44208891575502651
     40   0.0500        0.01297211388351599      0.01297201192559763      0.00648605447461307      3.88417892858451141      3.88415625958219080      2.44208891575502740
     50   0.0400        0.01297211024517604      0.01297208330936537      0.00648605447461307      3.88417811964747095      3.88417213082419455      2.44208891575502651
     60   0.0333        0.01297210938368396      0.01297210032502237      0.00648605447461307      3.88417792810603713      3.88417591403175999      2.44208891575502651
     70   0.0286        0.01297210912162570      0.01297210552016529      0.00648605447461307      3.88417786984082891      3.88417706910346938      2.44208891575502651
     80   0.0250        0.01297210902662939      0.01297210740766719      0.00648605447461307      3.88417784871964811      3.88417748876469293      2.44208891575502740
     90   0.0222        0.01297210898741738      0.01297210818793731      0.00648605447461307      3.88417784000137356      3.88417766224749439      2.44208891575502651
    100   0.0200        0.01297210896952653      0.01297210854431003      0.00648605447461307      3.88417783602357813      3.88417774148228112      2.44208891575502696
    110   0.0182        0.01297210896068686      0.01297210872052119      0.00648605447461307      3.88417783405819339      3.88417778066051600      2.44208891575502651
    120   0.0167        0.01297210895602645      0.01297210881347394      0.00648605447461306      3.88417783302201203      3.88417780132733581      2.44208891575502562
    130   0.0154        0.01297210895343334      0.01297210886521596      0.00648605447461306      3.88417783244546921      3.88417781283149433      2.44208891575502607
    140   0.0143        0.01297210895192335      0.01297210889535590      0.00648605447461307      3.88417783210974354      3.88417781953271524      2.44208891575502607
    150   0.0133        0.01297210895100918      0.01297210891360806      0.00648605447461307      3.88417783190648791      3.88417782359084152      2.44208891575502651
    160   0.0125        0.01297210895043676      0.01297210892503922      0.00648605447461306      3.88417783177921860      3.88417782613240981      2.44208891575502607
    170   0.0118        0.01297210895006763      0.01297210893241198      0.00648605447461307      3.88417783169714825      3.88417782777164522      2.44208891575502607
    180   0.0111        0.01297210894982334      0.01297210893729199      0.00648605447461307      3.88417783164283348      3.88417782885665330      2.44208891575502740
    190   0.0105        0.01297210894965790      0.01297210894059728      0.00648605447461306      3.88417783160605001      3.88417782959154012      2.44208891575502474
    200   0.0100        0.01297210894954354      0.01297210894288253      0.00648605447461306      3.88417783158062369      3.88417783009963502      2.44208891575502474
    210   0.0095        0.01297210894946299      0.01297210894449206      0.00648605447461306      3.88417783156271534      3.88417783045749365      2.44208891575502385
    220   0.0091        0.01297210894940531      0.01297210894564479      0.00648605447461305      3.88417783154989005      3.88417783071378864      2.44208891575502296
    230   0.0087        0.01297210894936338      0.01297210894648303      0.00648605447461306      3.88417783154056728      3.88417783090015956      2.44208891575502340
    240   0.0083        0.01297210894933244      0.01297210894710110      0.00648605447461306      3.88417783153368790      3.88417783103757897      2.44208891575502518
    250   0.0080        0.01297210894930935      0.01297210894756268      0.00648605447461306      3.88417783152855334      3.88417783114020532      2.44208891575502385
    260   0.0077        0.01297210894929191      0.01297210894791142      0.00648605447461306      3.88417783152467599      3.88417783121774285      2.44208891575502340
    270   0.0074        0.01297210894927857      0.01297210894817778      0.00648605447461305      3.88417783152171125      3.88417783127696392      2.44208891575502296
    280   0.0071        0.01297210894926830      0.01297210894838327      0.00648605447461306      3.88417783151942730      3.88417783132265226      2.44208891575502385
    290   0.0069        0.01297210894926029      0.01297210894854329      0.00648605447461305      3.88417783151764606      3.88417783135823091      2.44208891575502296
    300   0.0067        0.01297210894925400      0.01297210894866895      0.00648605447461305      3.88417783151624851      3.88417783138616945      2.44208891575502207
    310   0.0065        0.01297210894924903      0.01297210894876845      0.00648605447461305      3.88417783151514362      3.88417783140829131      2.44208891575502296
    320   0.0063        0.01297210894924506      0.01297210894884783      0.00648605447461304      3.88417783151425988      3.88417783142594164      2.44208891575502118
    330   0.0061        0.01297210894924189      0.01297210894891159      0.00648605447461305      3.88417783151355556      3.88417783144011786      2.44208891575502207
    340   0.0059        0.01297210894923930      0.01297210894896318      0.00648605447461305      3.88417783151298091      3.88417783145158779      2.44208891575502207
    350   0.0057        0.01297210894923719      0.01297210894900513      0.00648605447461305      3.88417783151251017      3.88417783146091633      2.44208891575502118
    360   0.0056        0.01297210894923548      0.01297210894903952      0.00648605447461304      3.88417783151212914      3.88417783146856133      2.44208891575501985
    370   0.0054        0.01297210894923404      0.01297210894906780      0.00648605447461304      3.88417783151181117      3.88417783147484963      2.44208891575501985
    380   0.0053        0.01297210894923288      0.01297210894909121      0.00648605447461304      3.88417783151155227      3.88417783148005435      2.44208891575502074
    390   0.0051        0.01297210894923191      0.01297210894911069      0.00648605447461303      3.88417783151133689      3.88417783148438556      2.44208891575501763
    400   0.0050        0.01297210894923109      0.01297210894912695      0.00648605447461304      3.88417783151115570      3.88417783148800089      2.44208891575501985
    410   0.0049        0.01297210894923041      0.01297210894914061      0.00648605447461303      3.88417783151100382      3.88417783149103713      2.44208891575501763
    420   0.0048        0.01297210894922983      0.01297210894915214      0.00648605447461303      3.88417783151087503      3.88417783149360041      2.44208891575501852
    430   0.0047        0.01297210894922935      0.01297210894916186      0.00648605447461303      3.88417783151076712      3.88417783149576357      2.44208891575501807
    440   0.0045        0.01297210894922894      0.01297210894917014      0.00648605447461303      3.88417783151067608      3.88417783149760254      2.44208891575501763
    450   0.0044        0.01297210894922859      0.01297210894917721      0.00648605447461303      3.88417783151059881      3.88417783149917462      2.44208891575501719
    460   0.0043        0.01297210894922829      0.01297210894918327      0.00648605447461302      3.88417783151053264      3.88417783150052198      2.44208891575501674
    470   0.0043        0.01297210894922802      0.01297210894918846      0.00648605447461302      3.88417783151047225      3.88417783150167617      2.44208891575501585
    480   0.0042        0.01297210894922780      0.01297210894919292      0.00648605447461302      3.88417783151042295      3.88417783150266827      2.44208891575501585
    490   0.0041        0.01297210894922761      0.01297210894919678      0.00648605447461303      3.88417783151038032      3.88417783150352669      2.44208891575501719
    500   0.0040        0.01297210894922743      0.01297210894920013      0.00648605447461301      3.88417783151034035      3.88417783150427054      2.44208891575501452
    510   0.0039        0.01297210894922730      0.01297210894920304      0.00648605447461302      3.88417783151031193      3.88417783150491847      2.44208891575501585
    520   0.0038        0.01297210894922717      0.01297210894920559      0.00648605447461302      3.88417783151028262      3.88417783150548468      2.44208891575501585
    530   0.0038        0.01297210894922706      0.01297210894920781      0.00648605447461301      3.88417783151025775      3.88417783150597806      2.44208891575501452
    540   0.0037        0.01297210894922696      0.01297210894920975      0.00648605447461302      3.88417783151023688      3.88417783150640927      2.44208891575501674
    550   0.0036        0.01297210894922688      0.01297210894921147      0.00648605447461302      3.88417783151021778      3.88417783150679297      2.44208891575501497
    560   0.0036        0.01297210894922680      0.01297210894921297      0.00648605447461302      3.88417783151020091      3.88417783150712603      2.44208891575501497
    570   0.0035        0.01297210894922673      0.01297210894921429      0.00648605447461301      3.88417783151018448      3.88417783150741913      2.44208891575501452
    580   0.0034        0.01297210894922668      0.01297210894921547      0.00648605447461301      3.88417783151017382      3.88417783150768070      2.44208891575501452
    590   0.0034        0.01297210894922662      0.01297210894921649      0.00648605447461302      3.88417783151015916      3.88417783150790985      2.44208891575501585
    600   0.0033        0.01297210894922659      0.01297210894921743      0.00648605447461302      3.88417783151015295      3.88417783150811635      2.44208891575501585
    610   0.0033        0.01297210894922654      0.01297210894921825      0.00648605447461302      3.88417783151014229      3.88417783150829932      2.44208891575501497
    620   0.0032        0.01297210894922649      0.01297210894921898      0.00648605447461302      3.88417783151013207      3.88417783150846185      2.44208891575501630
    630   0.0032        0.01297210894922648      0.01297210894921965      0.00648605447461301      3.88417783151012985      3.88417783150861018      2.44208891575501408
    640   0.0031        0.01297210894922645      0.01297210894922023      0.00648605447461302      3.88417783151012186      3.88417783150874030      2.44208891575501585
    650   0.0031        0.01297210894922641      0.01297210894922076      0.00648605447461302      3.88417783151011431      3.88417783150885843      2.44208891575501630
    660   0.0030        0.01297210894922638      0.01297210894922123      0.00648605447461302      3.88417783151010809      3.88417783150896279      2.44208891575501541
    670   0.0030        0.01297210894922636      0.01297210894922164      0.00648605447461302      3.88417783151010276      3.88417783150905382      2.44208891575501674
    680   0.0029        0.01297210894922634      0.01297210894922204      0.00648605447461303      3.88417783151009877      3.88417783150914220      2.44208891575501763
    690   0.0029        0.01297210894922634      0.01297210894922237      0.00648605447461302      3.88417783151009877      3.88417783150921636      2.44208891575501497
    700   0.0029        0.01297210894922632      0.01297210894922268      0.00648605447461302      3.88417783151009433      3.88417783150928431      2.44208891575501541
    710   0.0028        0.01297210894922630      0.01297210894922297      0.00648605447461303      3.88417783151008811      3.88417783150934737      2.44208891575501763
    720   0.0028        0.01297210894922629      0.01297210894922323      0.00648605447461303      3.88417783151008678      3.88417783150940776      2.44208891575501763
    730   0.0027        0.01297210894922628      0.01297210894922346      0.00648605447461303      3.88417783151008367      3.88417783150945795      2.44208891575501807
    740   0.0027        0.01297210894922625      0.01297210894922366      0.00648605447461303      3.88417783151007745      3.88417783150950191      2.44208891575501763
    750   0.0027        0.01297210894922625      0.01297210894922385      0.00648605447461302      3.88417783151007878      3.88417783150954365      2.44208891575501674
    760   0.0026        0.01297210894922624      0.01297210894922403      0.00648605447461303      3.88417783151007567      3.88417783150958362      2.44208891575501807
    770   0.0026        0.01297210894922624      0.01297210894922419      0.00648605447461302      3.88417783151007479      3.88417783150961915      2.44208891575501497
    780   0.0026        0.01297210894922624      0.01297210894922432      0.00648605447461303      3.88417783151007567      3.88417783150964979      2.44208891575501719
    790   0.0025        0.01297210894922623      0.01297210894922446      0.00648605447461303      3.88417783151007434      3.88417783150967999      2.44208891575501896
    800   0.0025        0.01297210894922622      0.01297210894922459      0.00648605447461303      3.88417783151007212      3.88417783150970930      2.44208891575501807
    810   0.0025        0.01297210894922621      0.01297210894922468      0.00648605447461303      3.88417783151006946      3.88417783150973017      2.44208891575501807
    820   0.0024        0.01297210894922620      0.01297210894922481      0.00648605447461302      3.88417783151006812      3.88417783150975815      2.44208891575501674
    830   0.0024        0.01297210894922620      0.01297210894922489      0.00648605447461303      3.88417783151006635      3.88417783150977503      2.44208891575501719
    840   0.0024        0.01297210894922620      0.01297210894922497      0.00648605447461303      3.88417783151006635      3.88417783150979279      2.44208891575501807
    850   0.0024        0.01297210894922619      0.01297210894922505      0.00648605447461304      3.88417783151006502      3.88417783150981055      2.44208891575501896
    860   0.0023        0.01297210894922619      0.01297210894922514      0.00648605447461304      3.88417783151006590      3.88417783150983187      2.44208891575502074
    870   0.0023        0.01297210894922620      0.01297210894922520      0.00648605447461304      3.88417783151006635      3.88417783150984430      2.44208891575502074
    880   0.0023        0.01297210894922617      0.01297210894922526      0.00648605447461303      3.88417783151006013      3.88417783150985763      2.44208891575501763
    890   0.0022        0.01297210894922618      0.01297210894922530      0.00648605447461304      3.88417783151006279      3.88417783150986651      2.44208891575502074
    900   0.0022        0.01297210894922617      0.01297210894922537      0.00648605447461304      3.88417783151006013      3.88417783150988294      2.44208891575501941
    910   0.0022        0.01297210894922617      0.01297210894922543      0.00648605447461303      3.88417783151006013      3.88417783150989671      2.44208891575501896
    920   0.0022        0.01297210894922617      0.01297210894922548      0.00648605447461304      3.88417783151006013      3.88417783150990781      2.44208891575502030
    930   0.0022        0.01297210894922618      0.01297210894922551      0.00648605447461304      3.88417783151006191      3.88417783150991314      2.44208891575502030
    940   0.0021        0.01297210894922619      0.01297210894922556      0.00648605447461305      3.88417783151006502      3.88417783150992557      2.44208891575502207
    950   0.0021        0.01297210894922616      0.01297210894922560      0.00648605447461304      3.88417783151005880      3.88417783150993223      2.44208891575502074
    960   0.0021        0.01297210894922617      0.01297210894922564      0.00648605447461303      3.88417783151005969      3.88417783150994289      2.44208891575501763
    970   0.0021        0.01297210894922617      0.01297210894922564      0.00648605447461305      3.88417783151006013      3.88417783150994289      2.44208891575502118
    980   0.0020        0.01297210894922616      0.01297210894922569      0.00648605447461304      3.88417783151005747      3.88417783150995399      2.44208891575501985
    990   0.0020        0.01297210894922618      0.01297210894922571      0.00648605447461305      3.88417783151006324      3.88417783150995755      2.44208891575502118
   1000   0.0020        0.01297210894922616      0.01297210894922573      0.00648605447461304      3.88417783151005747      3.88417783150996154      2.44208891575502074
   1010   0.0020        0.01297210894922615      0.01297210894922575      0.00648605447461305      3.88417783151005569      3.88417783150996687      2.44208891575502296
   1020   0.0020        0.01297210894922617      0.01297210894922580      0.00648605447461305      3.88417783151005969      3.88417783150997797      2.44208891575502296
   1030   0.0019        0.01297210894922615      0.01297210894922579      0.00648605447461304      3.88417783151005747      3.88417783150997709      2.44208891575502118
   1040   0.0019        0.01297210894922615      0.01297210894922581      0.00648605447461304      3.88417783151005747      3.88417783150998019      2.44208891575502074
   1050   0.0019        0.01297210894922617      0.01297210894922583      0.00648605447461306      3.88417783151005969      3.88417783150998641      2.44208891575502429
   1060   0.0019        0.01297210894922613      0.01297210894922585      0.00648605447461305      3.88417783151005258      3.88417783150998996      2.44208891575502340
   1070   0.0019        0.01297210894922614      0.01297210894922586      0.00648605447461305      3.88417783151005258      3.88417783150999263      2.44208891575502207
   1080   0.0019        0.01297210894922616      0.01297210894922586      0.00648605447461306      3.88417783151005880      3.88417783150999085      2.44208891575502429
   1090   0.0018        0.01297210894922617      0.01297210894922588      0.00648605447461305      3.88417783151006191      3.88417783150999618      2.44208891575502340
   1100   0.0018        0.01297210894922618      0.01297210894922590      0.00648605447461306      3.88417783151006191      3.88417783150999929      2.44208891575502429
   1110   0.0018        0.01297210894922614      0.01297210894922595      0.00648605447461305      3.88417783151005436      3.88417783151001084      2.44208891575502207
   1120   0.0018        0.01297210894922612      0.01297210894922593      0.00648605447461306      3.88417783151005036      3.88417783151000773      2.44208891575502474
   1130   0.0018        0.01297210894922614      0.01297210894922593      0.00648605447461305      3.88417783151005347      3.88417783151000773      2.44208891575502340
   1140   0.0018        0.01297210894922616      0.01297210894922595      0.00648605447461305      3.88417783151005791      3.88417783151001084      2.44208891575502340
   1150   0.0017        0.01297210894922616      0.01297210894922596      0.00648605447461306      3.88417783151005747      3.88417783151001395      2.44208891575502429
   1160   0.0017        0.01297210894922613      0.01297210894922598      0.00648605447461306      3.88417783151005125      3.88417783151001883      2.44208891575502429
   1170   0.0017        0.01297210894922614      0.01297210894922598      0.00648605447461305      3.88417783151005258      3.88417783151001883      2.44208891575502340
   1180   0.0017        0.01297210894922615      0.01297210894922600      0.00648605447461306      3.88417783151005569      3.88417783151002194      2.44208891575502340
   1190   0.0017        0.01297210894922614      0.01297210894922599      0.00648605447461305      3.88417783151005436      3.88417783151002016      2.44208891575502207
   1200   0.0017        0.01297210894922615      0.01297210894922599      0.00648605447461305      3.88417783151005569      3.88417783151002105      2.44208891575502296
   1210   0.0017        0.01297210894922615      0.01297210894922600      0.00648605447461306      3.88417783151005569      3.88417783151002327      2.44208891575502340
   1220   0.0016        0.01297210894922615      0.01297210894922600      0.00648605447461306      3.88417783151005569      3.88417783151002327      2.44208891575502518
   1230   0.0016        0.01297210894922614      0.01297210894922601      0.00648605447461306      3.88417783151005258      3.88417783151002505      2.44208891575502429
   1240   0.0016        0.01297210894922616      0.01297210894922602      0.00648605447461306      3.88417783151005880      3.88417783151002638      2.44208891575502340
   1250   0.0016        0.01297210894922613      0.01297210894922605      0.00648605447461305      3.88417783151005125      3.88417783151003393      2.44208891575502252
   1260   0.0016        0.01297210894922613      0.01297210894922606      0.00648605447461305      3.88417783151005258      3.88417783151003571      2.44208891575502296
   1270   0.0016        0.01297210894922615      0.01297210894922606      0.00648605447461307      3.88417783151005569      3.88417783151003704      2.44208891575502651
   1280   0.0016        0.01297210894922613      0.01297210894922605      0.00648605447461306      3.88417783151005258      3.88417783151003260      2.44208891575502518
   1290   0.0016        0.01297210894922614      0.01297210894922605      0.00648605447461306      3.88417783151005436      3.88417783151003260      2.44208891575502474
   1300   0.0015        0.01297210894922613      0.01297210894922604      0.00648605447461307      3.88417783151005169      3.88417783151003082      2.44208891575502651
   1310   0.0015        0.01297210894922615      0.01297210894922607      0.00648605447461307      3.88417783151005569      3.88417783151003793      2.44208891575502651
   1320   0.0015        0.01297210894922613      0.01297210894922604      0.00648605447461306      3.88417783151005125      3.88417783151003082      2.44208891575502518
   1330   0.0015        0.01297210894922612      0.01297210894922609      0.00648605447461307      3.88417783151005036      3.88417783151004281      2.44208891575502607
   1340   0.0015        0.01297210894922615      0.01297210894922606      0.00648605447461307      3.88417783151005569      3.88417783151003704      2.44208891575502696
   1350   0.0015        0.01297210894922616      0.01297210894922607      0.00648605447461306      3.88417783151005880      3.88417783151003881      2.44208891575502340
   1360   0.0015        0.01297210894922614      0.01297210894922603      0.00648605447461305      3.88417783151005258      3.88417783151003038      2.44208891575502296
   1370   0.0015        0.01297210894922614      0.01297210894922609      0.00648605447461307      3.88417783151005258      3.88417783151004326      2.44208891575502740
   1380   0.0014        0.01297210894922615      0.01297210894922608      0.00648605447461306      3.88417783151005569      3.88417783151004015      2.44208891575502474
   1390   0.0014        0.01297210894922613      0.01297210894922607      0.00648605447461306      3.88417783151005258      3.88417783151003881      2.44208891575502385
   1400   0.0014        0.01297210894922614      0.01297210894922608      0.00648605447461305      3.88417783151005347      3.88417783151004015      2.44208891575502207
   1410   0.0014        0.01297210894922616      0.01297210894922608      0.00648605447461306      3.88417783151005880      3.88417783151004103      2.44208891575502474
   1420   0.0014        0.01297210894922614      0.01297210894922607      0.00648605447461306      3.88417783151005258      3.88417783151003793      2.44208891575502429
   1430   0.0014        0.01297210894922615      0.01297210894922610      0.00648605447461305      3.88417783151005747      3.88417783151004414      2.44208891575502296
   1440   0.0014        0.01297210894922614      0.01297210894922608      0.00648605447461306      3.88417783151005436      3.88417783151004015      2.44208891575502474
   1450   0.0014        0.01297210894922616      0.01297210894922609      0.00648605447461307      3.88417783151005880      3.88417783151004326      2.44208891575502651
   1460   0.0014        0.01297210894922614      0.01297210894922611      0.00648605447461306      3.88417783151005258      3.88417783151004636      2.44208891575502607
   1470   0.0014        0.01297210894922616      0.01297210894922613      0.00648605447461307      3.88417783151005791      3.88417783151005258      2.44208891575502607
   1480   0.0014        0.01297210894922615      0.01297210894922611      0.00648605447461307      3.88417783151005658      3.88417783151004725      2.44208891575502740
   1490   0.0013        0.01297210894922613      0.01297210894922609      0.00648605447461307      3.88417783151005258      3.88417783151004326      2.44208891575502607
   1500   0.0013        0.01297210894922616      0.01297210894922611      0.00648605447461306      3.88417783151005791      3.88417783151004636      2.44208891575502429
