 #*******************************************************************************************
 #N     h                       T-Rule.              S-Rule            G-Quad           Error_trap                  Error_simp         Error_gau
 #*******************************************************************************************
     10   0.2000       -0.00897444430919413     -0.00793347321656529     -0.00449768034524527      0.99534967120696138      0.76390343834272090      0.00000007676074551
     20   0.1000       -0.00899497694129199     -0.00900182115199128     -0.00449768041684616      0.99991483193379471      1.00143655217607264      0.00000009268026241
     30   0.0667       -0.00899532657427517     -0.00899601362875975     -0.00449768041684616      0.99999256822965910      1.00014532575900184      0.00000009268026183
     40   0.0500       -0.00899535470589674     -0.00899548062743166     -0.00449768041684616      0.99999882292576137      1.00002681992308351      0.00000009268026241
     50   0.0400       -0.00899535922383861     -0.00899539260330831     -0.00449768041684616      0.99999982743072158      1.00000724891684456      0.00000009268026241
     60   0.0333       -0.00899536029393795     -0.00899537153382554     -0.00449768041684616      1.00000006535323727      1.00000256439442969      0.00000009268026202
     70   0.0286       -0.00899536061949683     -0.00899536509071167     -0.00449768041684616      1.00000013773697272      1.00000113185279260      0.00000009268026164
     80   0.0250       -0.00899536073752046     -0.00899536274806169     -0.00449768041684616      1.00000016397797409      1.00000061099537674      0.00000009268026241
     90   0.0222       -0.00899536078623951     -0.00899536177925993     -0.00449768041684616      1.00000017481001602      1.00000039559504605      0.00000009268026183
    100   0.0200       -0.00899536080846862     -0.00899536133667863     -0.00449768041684616      1.00000017975236655      1.00000029719291517      0.00000009268026260
    110   0.0182       -0.00899536081945198     -0.00899536111780994     -0.00449768041684616      1.00000018219437181      1.00000024853034009      0.00000009268026183
    120   0.0167       -0.00899536082524263     -0.00899536100234421     -0.00449768041684616      1.00000018348184683      1.00000022285805290      0.00000009268026106
    130   0.0154       -0.00899536082846466     -0.00899536093806619     -0.00449768041684616      1.00000018419822223      1.00000020856668037      0.00000009268026183
    140   0.0143       -0.00899536083034088     -0.00899536090062224     -0.00449768041684616      1.00000018461537499      1.00000020024151004      0.00000009268026067
    150   0.0133       -0.00899536083147679     -0.00899536087794612     -0.00449768041684616      1.00000018486792941      1.00000019519977501      0.00000009268026067
    160   0.0125       -0.00899536083218805     -0.00899536086374393     -0.00449768041684615      1.00000018502606913      1.00000019204210400      0.00000009268026009
    170   0.0118       -0.00899536083264671     -0.00899536085458373     -0.00449768041684616      1.00000018512804645      1.00000019000545426      0.00000009268026086
    180   0.0111       -0.00899536083295026     -0.00899536084852050     -0.00449768041684615      1.00000018519553535      1.00000018865737417      0.00000009268026048
    190   0.0105       -0.00899536083315582     -0.00899536084441377     -0.00449768041684616      1.00000018524124035      1.00000018774429700      0.00000009268026183
    200   0.0100       -0.00899536083329793     -0.00899536084157437     -0.00449768041684616      1.00000018527283530      1.00000018711299443      0.00000009268026106
    210   0.0095       -0.00899536083339802     -0.00899536083957455     -0.00449768041684615      1.00000018529508972      1.00000018666835944      0.00000009268026029
    220   0.0091       -0.00899536083346969     -0.00899536083814226     -0.00449768041684615      1.00000018531102497      1.00000018634990973      0.00000009268025855
    230   0.0087       -0.00899536083352181     -0.00899536083710073     -0.00449768041684615      1.00000018532261192      1.00000018611833852      0.00000009268026048
    240   0.0083       -0.00899536083356024     -0.00899536083633277     -0.00449768041684615      1.00000018533115731      1.00000018594759199      0.00000009268025971
    250   0.0080       -0.00899536083358892     -0.00899536083575925     -0.00449768041684615      1.00000018533753487      1.00000018582007755      0.00000009268025951
    260   0.0077       -0.00899536083361061     -0.00899536083532593     -0.00449768041684615      1.00000018534235591      1.00000018572373506      0.00000009268026029
    270   0.0074       -0.00899536083362716     -0.00899536083499496     -0.00449768041684614      1.00000018534603541      1.00000018565014748      0.00000009268025816
    280   0.0071       -0.00899536083363993     -0.00899536083473963     -0.00449768041684615      1.00000018534887580      1.00000018559337844      0.00000009268025990
    290   0.0069       -0.00899536083364988     -0.00899536083454081     -0.00449768041684614      1.00000018535108737      1.00000018554917447      0.00000009268025836
    300   0.0067       -0.00899536083365770     -0.00899536083438466     -0.00449768041684615      1.00000018535282531      1.00000018551445558      0.00000009268025874
    310   0.0065       -0.00899536083366387     -0.00899536083426102     -0.00449768041684614      1.00000018535419910      1.00000018548696623      0.00000009268025739
    320   0.0063       -0.00899536083366881     -0.00899536083416239     -0.00449768041684615      1.00000018535529600      1.00000018546503844      0.00000009268025894
    330   0.0061       -0.00899536083367279     -0.00899536083408316     -0.00449768041684614      1.00000018535618040      1.00000018544742142      0.00000009268025816
    340   0.0059       -0.00899536083367598     -0.00899536083401907     -0.00449768041684614      1.00000018535689006      1.00000018543317282      0.00000009268025720
    350   0.0057       -0.00899536083367859     -0.00899536083396691     -0.00449768041684614      1.00000018535747093      1.00000018542157543      0.00000009268025778
    360   0.0056       -0.00899536083368072     -0.00899536083392422     -0.00449768041684614      1.00000018535794499      1.00000018541208235      0.00000009268025759
    370   0.0054       -0.00899536083368248     -0.00899536083388906     -0.00449768041684614      1.00000018535833601      1.00000018540426705      0.00000009268025701
    380   0.0053       -0.00899536083368394     -0.00899536083385997     -0.00449768041684614      1.00000018535865931      1.00000018539779889      0.00000009268025662
    390   0.0051       -0.00899536083368514     -0.00899536083383580     -0.00449768041684614      1.00000018535892732      1.00000018539242430      0.00000009268025739
    400   0.0050       -0.00899536083368616     -0.00899536083381556     -0.00449768041684614      1.00000018535915491      1.00000018538792368      0.00000009268025739
    410   0.0049       -0.00899536083368701     -0.00899536083379859     -0.00449768041684614      1.00000018535934343      1.00000018538415114      0.00000009268025624
    420   0.0048       -0.00899536083368772     -0.00899536083378429     -0.00449768041684614      1.00000018535950153      1.00000018538097191      0.00000009268025739
    430   0.0047       -0.00899536083368834     -0.00899536083377219     -0.00449768041684614      1.00000018535963764      1.00000018537828050      0.00000009268025701
    440   0.0045       -0.00899536083368883     -0.00899536083376189     -0.00449768041684613      1.00000018535974755      1.00000018537599233      0.00000009268025489
    450   0.0044       -0.00899536083368927     -0.00899536083375312     -0.00449768041684614      1.00000018535984569      1.00000018537404056      0.00000009268025662
    460   0.0043       -0.00899536083368966     -0.00899536083374561     -0.00449768041684613      1.00000018535993229      1.00000018537237101      0.00000009268025566
    470   0.0043       -0.00899536083368999     -0.00899536083373915     -0.00449768041684614      1.00000018536000534      1.00000018537093505      0.00000009268025662
    480   0.0042       -0.00899536083369025     -0.00899536083373360     -0.00449768041684613      1.00000018536006396      1.00000018536970203      0.00000009268025566
    490   0.0041       -0.00899536083369051     -0.00899536083372879     -0.00449768041684614      1.00000018536012170      1.00000018536863133      0.00000009268025643
    500   0.0040       -0.00899536083369072     -0.00899536083372463     -0.00449768041684613      1.00000018536016699      1.00000018536770785      0.00000009268025489
    510   0.0039       -0.00899536083369089     -0.00899536083372102     -0.00449768041684613      1.00000018536020518      1.00000018536690538      0.00000009268025527
    520   0.0038       -0.00899536083369104     -0.00899536083371785     -0.00449768041684613      1.00000018536023827      1.00000018536620039      0.00000009268025469
    530   0.0038       -0.00899536083369118     -0.00899536083371510     -0.00449768041684613      1.00000018536026980      1.00000018536558888      0.00000009268025546
    540   0.0037       -0.00899536083369131     -0.00899536083371267     -0.00449768041684613      1.00000018536029844      1.00000018536504864      0.00000009268025489
    550   0.0036       -0.00899536083369141     -0.00899536083371056     -0.00449768041684613      1.00000018536032154      1.00000018536457813      0.00000009268025527
    560   0.0036       -0.00899536083369150     -0.00899536083370869     -0.00449768041684614      1.00000018536034196      1.00000018536416424      0.00000009268025643
    570   0.0035       -0.00899536083369159     -0.00899536083370705     -0.00449768041684613      1.00000018536036062      1.00000018536379853      0.00000009268025411
    580   0.0034       -0.00899536083369166     -0.00899536083370559     -0.00449768041684613      1.00000018536037638      1.00000018536347413      0.00000009268025527
    590   0.0034       -0.00899536083369172     -0.00899536083370428     -0.00449768041684613      1.00000018536039015      1.00000018536318347      0.00000009268025469
    600   0.0033       -0.00899536083369178     -0.00899536083370315     -0.00449768041684614      1.00000018536040303      1.00000018536293145      0.00000009268025624
    610   0.0033       -0.00899536083369182     -0.00899536083370212     -0.00449768041684614      1.00000018536041302      1.00000018536270319      0.00000009268025720
    620   0.0032       -0.00899536083369186     -0.00899536083370121     -0.00449768041684614      1.00000018536042212      1.00000018536250113      0.00000009268025759
    630   0.0032       -0.00899536083369193     -0.00899536083370040     -0.00449768041684612      1.00000018536043722      1.00000018536232105      0.00000009268025257
    640   0.0031       -0.00899536083369195     -0.00899536083369966     -0.00449768041684614      1.00000018536044033      1.00000018536215518      0.00000009268025624
    650   0.0031       -0.00899536083369198     -0.00899536083369901     -0.00449768041684613      1.00000018536044766      1.00000018536201085      0.00000009268025527
    660   0.0030       -0.00899536083369202     -0.00899536083369843     -0.00449768041684613      1.00000018536045654      1.00000018536188162      0.00000009268025604
    670   0.0030       -0.00899536083369204     -0.00899536083369790     -0.00449768041684614      1.00000018536046165      1.00000018536176527      0.00000009268025624
    680   0.0029       -0.00899536083369206     -0.00899536083369744     -0.00449768041684614      1.00000018536046587      1.00000018536166269      0.00000009268025720
    690   0.0029       -0.00899536083369208     -0.00899536083369700     -0.00449768041684614      1.00000018536047008      1.00000018536156343      0.00000009268025624
    700   0.0029       -0.00899536083369212     -0.00899536083369662     -0.00449768041684613      1.00000018536047897      1.00000018536147861      0.00000009268025585
    710   0.0028       -0.00899536083369213     -0.00899536083369626     -0.00449768041684614      1.00000018536048163      1.00000018536140001      0.00000009268025624
    720   0.0028       -0.00899536083369215     -0.00899536083369594     -0.00449768041684614      1.00000018536048629      1.00000018536132829      0.00000009268025836
    730   0.0027       -0.00899536083369216     -0.00899536083369566     -0.00449768041684614      1.00000018536048807      1.00000018536126545      0.00000009268025836
    740   0.0027       -0.00899536083369216     -0.00899536083369539     -0.00449768041684614      1.00000018536048851      1.00000018536120594      0.00000009268025759
    750   0.0027       -0.00899536083369217     -0.00899536083369517     -0.00449768041684615      1.00000018536049007      1.00000018536115731      0.00000009268025894
    760   0.0026       -0.00899536083369218     -0.00899536083369495     -0.00449768041684615      1.00000018536049318      1.00000018536110846      0.00000009268025894
    770   0.0026       -0.00899536083369221     -0.00899536083369473     -0.00449768041684614      1.00000018536049984      1.00000018536105939      0.00000009268025836
    780   0.0026       -0.00899536083369223     -0.00899536083369456     -0.00449768041684614      1.00000018536050250      1.00000018536102053      0.00000009268025701
    790   0.0025       -0.00899536083369221     -0.00899536083369441     -0.00449768041684614      1.00000018536049851      1.00000018536098723      0.00000009268025816
    800   0.0025       -0.00899536083369223     -0.00899536083369426     -0.00449768041684614      1.00000018536050361      1.00000018536095570      0.00000009268025836
    810   0.0025       -0.00899536083369223     -0.00899536083369411     -0.00449768041684614      1.00000018536050250      1.00000018536092172      0.00000009268025816
    820   0.0024       -0.00899536083369225     -0.00899536083369398     -0.00449768041684615      1.00000018536050872      1.00000018536089352      0.00000009268025913
    830   0.0024       -0.00899536083369224     -0.00899536083369387     -0.00449768041684615      1.00000018536050517      1.00000018536086888      0.00000009268025855
    840   0.0024       -0.00899536083369225     -0.00899536083369375     -0.00449768041684613      1.00000018536050828      1.00000018536084023      0.00000009268025546
    850   0.0024       -0.00899536083369223     -0.00899536083369365     -0.00449768041684615      1.00000018536050361      1.00000018536081914      0.00000009268025951
    860   0.0023       -0.00899536083369226     -0.00899536083369357     -0.00449768041684615      1.00000018536050939      1.00000018536080204      0.00000009268025874
    870   0.0023       -0.00899536083369227     -0.00899536083369348     -0.00449768041684615      1.00000018536051138      1.00000018536078206      0.00000009268025951
    880   0.0023       -0.00899536083369227     -0.00899536083369341     -0.00449768041684615      1.00000018536051249      1.00000018536076474      0.00000009268025855
    890   0.0022       -0.00899536083369227     -0.00899536083369333     -0.00449768041684615      1.00000018536051294      1.00000018536074853      0.00000009268025990
    900   0.0022       -0.00899536083369229     -0.00899536083369328     -0.00449768041684615      1.00000018536051605      1.00000018536073765      0.00000009268025913
    910   0.0022       -0.00899536083369227     -0.00899536083369320     -0.00449768041684615      1.00000018536051205      1.00000018536071988      0.00000009268025971
    920   0.0022       -0.00899536083369227     -0.00899536083369315     -0.00449768041684615      1.00000018536051161      1.00000018536070767      0.00000009268025855
    930   0.0022       -0.00899536083369228     -0.00899536083369310     -0.00449768041684615      1.00000018536051472      1.00000018536069724      0.00000009268026029
    940   0.0021       -0.00899536083369228     -0.00899536083369306     -0.00449768041684615      1.00000018536051449      1.00000018536068747      0.00000009268026009
    950   0.0021       -0.00899536083369229     -0.00899536083369302     -0.00449768041684615      1.00000018536051738      1.00000018536067992      0.00000009268025894
    960   0.0021       -0.00899536083369228     -0.00899536083369296     -0.00449768041684616      1.00000018536051449      1.00000018536066637      0.00000009268026067
    970   0.0021       -0.00899536083369230     -0.00899536083369292     -0.00449768041684615      1.00000018536051982      1.00000018536065682      0.00000009268025913
    980   0.0020       -0.00899536083369230     -0.00899536083369291     -0.00449768041684617      1.00000018536051893      1.00000018536065483      0.00000009268026318
    990   0.0020       -0.00899536083369231     -0.00899536083369285     -0.00449768041684615      1.00000018536052093      1.00000018536064172      0.00000009268025913
   1000   0.0020       -0.00899536083369229     -0.00899536083369283     -0.00449768041684615      1.00000018536051738      1.00000018536063662      0.00000009268025894
   1010   0.0020       -0.00899536083369229     -0.00899536083369279     -0.00449768041684616      1.00000018536051782      1.00000018536062885      0.00000009268026106
   1020   0.0020       -0.00899536083369229     -0.00899536083369275     -0.00449768041684616      1.00000018536051782      1.00000018536062019      0.00000009268026183
   1030   0.0019       -0.00899536083369231     -0.00899536083369274     -0.00449768041684616      1.00000018536052049      1.00000018536061663      0.00000009268026202
   1040   0.0019       -0.00899536083369229     -0.00899536083369273     -0.00449768041684615      1.00000018536051627      1.00000018536061552      0.00000009268026029
   1050   0.0019       -0.00899536083369231     -0.00899536083369270     -0.00449768041684617      1.00000018536052027      1.00000018536060775      0.00000009268026299
   1060   0.0019       -0.00899536083369230     -0.00899536083369267     -0.00449768041684616      1.00000018536051938      1.00000018536060242      0.00000009268026144
   1070   0.0019       -0.00899536083369230     -0.00899536083369266     -0.00449768041684615      1.00000018536051871      1.00000018536059931      0.00000009268026029
   1080   0.0019       -0.00899536083369231     -0.00899536083369265     -0.00449768041684615      1.00000018536052138      1.00000018536059776      0.00000009268026009
   1090   0.0018       -0.00899536083369232     -0.00899536083369260     -0.00449768041684616      1.00000018536052360      1.00000018536058533      0.00000009268026067
   1100   0.0018       -0.00899536083369231     -0.00899536083369261     -0.00449768041684616      1.00000018536052093      1.00000018536058843      0.00000009268026144
   1110   0.0018       -0.00899536083369231     -0.00899536083369260     -0.00449768041684617      1.00000018536052027      1.00000018536058577      0.00000009268026318
   1120   0.0018       -0.00899536083369233     -0.00899536083369257     -0.00449768041684616      1.00000018536052604      1.00000018536057889      0.00000009268026067
   1130   0.0018       -0.00899536083369233     -0.00899536083369257     -0.00449768041684616      1.00000018536052626      1.00000018536057800      0.00000009268026125
   1140   0.0018       -0.00899536083369231     -0.00899536083369255     -0.00449768041684615      1.00000018536052182      1.00000018536057422      0.00000009268025990
   1150   0.0017       -0.00899536083369232     -0.00899536083369253     -0.00449768041684616      1.00000018536052249      1.00000018536057000      0.00000009268026067
   1160   0.0017       -0.00899536083369231     -0.00899536083369251     -0.00449768041684616      1.00000018536052182      1.00000018536056579      0.00000009268026241
   1170   0.0017       -0.00899536083369231     -0.00899536083369250     -0.00449768041684617      1.00000018536052093      1.00000018536056445      0.00000009268026299
   1180   0.0017       -0.00899536083369231     -0.00899536083369250     -0.00449768041684616      1.00000018536052204      1.00000018536056379      0.00000009268026221
   1190   0.0017       -0.00899536083369232     -0.00899536083369248     -0.00449768041684616      1.00000018536052360      1.00000018536055957      0.00000009268026086
   1200   0.0017       -0.00899536083369233     -0.00899536083369248     -0.00449768041684616      1.00000018536052604      1.00000018536055957      0.00000009268026144
   1210   0.0017       -0.00899536083369232     -0.00899536083369248     -0.00449768041684616      1.00000018536052449      1.00000018536055868      0.00000009268026279
   1220   0.0016       -0.00899536083369232     -0.00899536083369249     -0.00449768041684618      1.00000018536052449      1.00000018536056223      0.00000009268026530
   1230   0.0016       -0.00899536083369232     -0.00899536083369245     -0.00449768041684615      1.00000018536052449      1.00000018536055135      0.00000009268026029
   1240   0.0016       -0.00899536083369232     -0.00899536083369245     -0.00449768041684616      1.00000018536052249      1.00000018536055291      0.00000009268026202
   1250   0.0016       -0.00899536083369233     -0.00899536083369245     -0.00449768041684616      1.00000018536052471      1.00000018536055291      0.00000009268026164
   1260   0.0016       -0.00899536083369231     -0.00899536083369243     -0.00449768041684615      1.00000018536052182      1.00000018536054713      0.00000009268025894
   1270   0.0016       -0.00899536083369234     -0.00899536083369242     -0.00449768041684616      1.00000018536052715      1.00000018536054669      0.00000009268026164
   1280   0.0016       -0.00899536083369232     -0.00899536083369244     -0.00449768041684616      1.00000018536052449      1.00000018536054958      0.00000009268026260
   1290   0.0016       -0.00899536083369233     -0.00899536083369244     -0.00449768041684616      1.00000018536052560      1.00000018536055113      0.00000009268026144
   1300   0.0015       -0.00899536083369231     -0.00899536083369242     -0.00449768041684616      1.00000018536052049      1.00000018536054647      0.00000009268026125
   1310   0.0015       -0.00899536083369231     -0.00899536083369241     -0.00449768041684616      1.00000018536052182      1.00000018536054380      0.00000009268026241
   1320   0.0015       -0.00899536083369231     -0.00899536083369241     -0.00449768041684616      1.00000018536052027      1.00000018536054447      0.00000009268026183
   1330   0.0015       -0.00899536083369233     -0.00899536083369242     -0.00449768041684616      1.00000018536052604      1.00000018536054602      0.00000009268026183
   1340   0.0015       -0.00899536083369229     -0.00899536083369241     -0.00449768041684616      1.00000018536051716      1.00000018536054380      0.00000009268026086
   1350   0.0015       -0.00899536083369231     -0.00899536083369241     -0.00449768041684617      1.00000018536052027      1.00000018536054247      0.00000009268026356
   1360   0.0015       -0.00899536083369230     -0.00899536083369241     -0.00449768041684615      1.00000018536051893      1.00000018536054447      0.00000009268025894
   1370   0.0015       -0.00899536083369232     -0.00899536083369240     -0.00449768041684616      1.00000018536052360      1.00000018536054136      0.00000009268026221
   1380   0.0014       -0.00899536083369230     -0.00899536083369241     -0.00449768041684617      1.00000018536051893      1.00000018536054402      0.00000009268026376
   1390   0.0014       -0.00899536083369232     -0.00899536083369240     -0.00449768041684616      1.00000018536052337      1.00000018536054025      0.00000009268026164
   1400   0.0014       -0.00899536083369232     -0.00899536083369241     -0.00449768041684616      1.00000018536052360      1.00000018536054402      0.00000009268026202
   1410   0.0014       -0.00899536083369231     -0.00899536083369238     -0.00449768041684616      1.00000018536052204      1.00000018536053714      0.00000009268026125
   1420   0.0014       -0.00899536083369232     -0.00899536083369239     -0.00449768041684617      1.00000018536052404      1.00000018536053803      0.00000009268026376
   1430   0.0014       -0.00899536083369231     -0.00899536083369238     -0.00449768041684617      1.00000018536052138      1.00000018536053603      0.00000009268026337
   1440   0.0014       -0.00899536083369234     -0.00899536083369238     -0.00449768041684616      1.00000018536052715      1.00000018536053759      0.00000009268026279
   1450   0.0014       -0.00899536083369233     -0.00899536083369239     -0.00449768041684616      1.00000018536052604      1.00000018536053803      0.00000009268026279
   1460   0.0014       -0.00899536083369232     -0.00899536083369235     -0.00449768041684616      1.00000018536052293      1.00000018536053092      0.00000009268026260
   1470   0.0014       -0.00899536083369233     -0.00899536083369236     -0.00449768041684615      1.00000018536052560      1.00000018536053181      0.00000009268025971
   1480   0.0014       -0.00899536083369233     -0.00899536083369235     -0.00449768041684615      1.00000018536052604      1.00000018536053070      0.00000009268025894
   1490   0.0013       -0.00899536083369232     -0.00899536083369238     -0.00449768041684617      1.00000018536052293      1.00000018536053759      0.00000009268026318
   1500   0.0013       -0.00899536083369232     -0.00899536083369236     -0.00449768041684616      1.00000018536052293      1.00000018536053248      0.00000009268026164
