 #************************************************************************************
 #       N             Real_part                      Img_part               Error
 #*************************************************************************************
         5          -0.1277224147804696      -0.0112166652337394       0.0000000000000000
        10          -0.1277469068322293      -0.0112166652337394       0.0001909884468281
        15          -0.1277469055880057      -0.0112166652337394       0.0000000097024261
        20          -0.1277469055874445      -0.0112166652337394       0.0000000000043764
        25          -0.1277469055874440      -0.0112166652337394       0.0000000000000039
        30          -0.1277469055874434      -0.0112166652337394       0.0000000000000052
        35          -0.1277469055874432      -0.0112166652337394       0.0000000000000011
        40          -0.1277469055874438      -0.0112166652337394       0.0000000000000041
        45          -0.1277469055874440      -0.0112166652337394       0.0000000000000017
        50          -0.1277469055874294      -0.0112166652337394       0.0000000000001136
        55          -0.1277469055874315      -0.0112166652337394       0.0000000000000167
        60          -0.1277469055874336      -0.0112166652337394       0.0000000000000162
        65          -0.1277469055874354      -0.0112166652337394       0.0000000000000136
        70          -0.1277469055874369      -0.0112166652337394       0.0000000000000121
        75          -0.1277469055874380      -0.0112166652337394       0.0000000000000082
        80          -0.1277469055874390      -0.0112166652337394       0.0000000000000080
        85          -0.1277469055874400      -0.0112166652337394       0.0000000000000074
        90          -0.1277469055874402      -0.0112166652337394       0.0000000000000019
        95          -0.1277469055874411      -0.0112166652337394       0.0000000000000074
       100          -0.1277469055874416      -0.0112166652337394       0.0000000000000039
       105          -0.1277469055874422      -0.0112166652337394       0.0000000000000043
       110          -0.1277469055874428      -0.0112166652337394       0.0000000000000045
       115          -0.1277469055874430      -0.0112166652337394       0.0000000000000017
       120          -0.1277469055874435      -0.0112166652337394       0.0000000000000041
       125          -0.1277469055874438      -0.0112166652337394       0.0000000000000024
       130          -0.1277469055874440      -0.0112166652337394       0.0000000000000013
       135          -0.1277469055874217      -0.0112166652337394       0.0000000000001736
       140          -0.1277469055874236      -0.0112166652337394       0.0000000000000143
       145          -0.1277469055874253      -0.0112166652337394       0.0000000000000134
       150          -0.1277469055874265      -0.0112166652337394       0.0000000000000093
       155          -0.1277469055874279      -0.0112166652337394       0.0000000000000113
       160          -0.1277469055874291      -0.0112166652337394       0.0000000000000089
       165          -0.1277469055874300      -0.0112166652337394       0.0000000000000076
       170          -0.1277469055874308      -0.0112166652337394       0.0000000000000061
       175          -0.1277469055874317      -0.0112166652337394       0.0000000000000071
       180          -0.1277469055874326      -0.0112166652337394       0.0000000000000069
       185          -0.1277469055874333      -0.0112166652337394       0.0000000000000052
       190          -0.1277469055874344      -0.0112166652337394       0.0000000000000084
       195          -0.1277469055874349      -0.0112166652337394       0.0000000000000039
       200          -0.1277469055874355      -0.0112166652337394       0.0000000000000050
       205          -0.1277469055874360      -0.0112166652337394       0.0000000000000041
       210          -0.1277469055874370      -0.0112166652337394       0.0000000000000071
       215          -0.1277469055874371      -0.0112166652337394       0.0000000000000011
       220          -0.1277469055874374      -0.0112166652337394       0.0000000000000026
       225          -0.1277469055874379      -0.0112166652337394       0.0000000000000035
       230          -0.1277469055874385      -0.0112166652337394       0.0000000000000052
       235          -0.1277469055874388      -0.0112166652337394       0.0000000000000019
       240          -0.1277469055874388      -0.0112166652337394       0.0000000000000002
       245          -0.1277469055874395      -0.0112166652337394       0.0000000000000056
       250          -0.1277469055874398      -0.0112166652337394       0.0000000000000026
       255          -0.1277469055874401      -0.0112166652337394       0.0000000000000019
       260          -0.1277469055874403      -0.0112166652337394       0.0000000000000017
       265          -0.1277469055874405      -0.0112166652337394       0.0000000000000017
       270          -0.1277469055874409      -0.0112166652337394       0.0000000000000032
       275          -0.1277469055874411      -0.0112166652337394       0.0000000000000013
       280          -0.1277469055874414      -0.0112166652337394       0.0000000000000026
       285          -0.1277469055874417      -0.0112166652337394       0.0000000000000019
       290          -0.1277469055874417      -0.0112166652337394       0.0000000000000004
       295          -0.1277469055874420      -0.0112166652337394       0.0000000000000019
       300          -0.1277469055874420      -0.0112166652337394       0.0000000000000000
       305          -0.1277469055874421      -0.0112166652337394       0.0000000000000011
       310          -0.1277469055874425      -0.0112166652337394       0.0000000000000028
       315          -0.1277469055874426      -0.0112166652337394       0.0000000000000013
       320          -0.1277469055874428      -0.0112166652337394       0.0000000000000015
       325          -0.1277469055874428      -0.0112166652337394       0.0000000000000002
       330          -0.1277469055874432      -0.0112166652337394       0.0000000000000032
       335          -0.1277469055874430      -0.0112166652337394       0.0000000000000019
       340          -0.1277469055874434      -0.0112166652337394       0.0000000000000030
       345          -0.1277469055874435      -0.0112166652337394       0.0000000000000011
       350          -0.1277469055874434      -0.0112166652337394       0.0000000000000006
       355          -0.1277469055874435      -0.0112166652337394       0.0000000000000004
       360          -0.1277469055874437      -0.0112166652337394       0.0000000000000015
       365          -0.1277469055874439      -0.0112166652337394       0.0000000000000015
       370          -0.1277469055874441      -0.0112166652337394       0.0000000000000015
       375          -0.1277469055874438      -0.0112166652337394       0.0000000000000017
       380          -0.1277469055874440      -0.0112166652337394       0.0000000000000015
       385          -0.1277469055874442      -0.0112166652337394       0.0000000000000015
       390          -0.1277469055874439      -0.0112166652337394       0.0000000000000022
       395          -0.1277469055874443      -0.0112166652337394       0.0000000000000024
       400          -0.1277469055874443      -0.0112166652337394       0.0000000000000002
       405          -0.1277469055874444      -0.0112166652337394       0.0000000000000009
       410          -0.1277469055874446      -0.0112166652337394       0.0000000000000015
       415          -0.1277469055874446      -0.0112166652337394       0.0000000000000002
       420          -0.1277469055874445      -0.0112166652337394       0.0000000000000002
       425          -0.1277469055874446      -0.0112166652337394       0.0000000000000004
       430          -0.1277469055874446      -0.0112166652337394       0.0000000000000002
       435          -0.1277469055874453      -0.0112166652337394       0.0000000000000056
       440          -0.1277469055874446      -0.0112166652337394       0.0000000000000056
       445          -0.1277469055874448      -0.0112166652337394       0.0000000000000011
       450          -0.1277469055874449      -0.0112166652337394       0.0000000000000015
       455          -0.1277469055874450      -0.0112166652337394       0.0000000000000006
       460          -0.1277469055874449      -0.0112166652337394       0.0000000000000009
       465          -0.1277469055874448      -0.0112166652337394       0.0000000000000009
       470          -0.1277469055874449      -0.0112166652337394       0.0000000000000006
       475          -0.1277469055874451      -0.0112166652337394       0.0000000000000013
       480          -0.1277469055874451      -0.0112166652337394       0.0000000000000004
       485          -0.1277469055874451      -0.0112166652337394       0.0000000000000004
       490          -0.1277469055874455      -0.0112166652337394       0.0000000000000035
       495          -0.1277469055874451      -0.0112166652337394       0.0000000000000035
       500          -0.1277469055874076      -0.0112166652337394       0.0000000000002924
